[UTF8/MIXED]
[main]
Lang=chinese simplified
build=3970
Options=010100111000001001101001111111100000010111110111000000001000000000010011001001104110000000021101011111111300111101010001100100000000000000001040000113111010011101011100111111011100
Z5=eJwtzskNxDAMQ9H7AOkl2q3+G0uGP6cHi7Sg9BN9/dI3R1QBr42XMDsiXFTCAFkbUGkqXdBiWDZkQzb7xzNBzWrtrHFQsw7DZbgJZPtlWtb3DQbK2vSvXUd0vM0H2pYn9Q==
LSS=1299988060
PIDX=4
CB15=15790320
CB18=-16777201
view=1
edit=1
MIPrCol=25
Email=flashfxp-user@flashfxp.com
Download Directory=C:\Users\konglingxi\Documents\
ConnectTimeout=40
TSTO=60
RetryDelay=120
Status Size=5000
RetryCount=10
Queue=101
TCPKA=120
MLS=1
NOL=0
Idle Time=120
Anti-Cmd=0
KALV=30
LogFolder=.\Logs\
ECA=30
CP=auto-detect
SPS=-1
RPS=-1
RF_UPLD=3
RF_DNLD=3
RF_FXP=0
tbCapFTP=FlashFXP %s %ttr %p %n
tbCapFXP=FlashFXP %ttr %te %n
DSL=25
USL=25
Identd User=
Identd SYS=UNIX
Identd Port=113
LoPort=1024
HiPort=2048
BindIP=
QHistoryMax=50
SftpCipherList=34=c33=c32=c31=c36=c35=c18=c5=c17=c6=c16=c7=c19=c0=c20=c1=c28=c13=c15=u26=u23=u30=u8=u2=u25=u9=u22=u3=u21=u24=u4=u10=u29=u27=u12=u11=u14=u
SftpMACList=0=c2=c5=c7=c1=c3=c6=c8=c9=c10=c11=c12=c13=c14=c15=c4=u
SftpKEXList=20=c19=c4=c1=c2=c3=c5=c6=c18=c17=c16=c15=c14=c13=c12=c11=c10=c9=c8=c7=c

[install]
date=42947.9120333102
3970=42947.9120333102

[LiveUpdate]
X=4240
Check=1
prompt=0
Address=
Port=80
user=
pass=
Interval=15
beta=0
mode=1

[Graph]
V=0
H=65
7=3
8=1
9=1
M=2
MVT=0
MV=
COC=0
GH=0

[window]
Left=257
Top=28
Width=1093
Height=614
State=1
TS=0.462946027517319
BS=0.5
CS=0.725903630256653
THP=632
LTS=0.5

[SiteManager]
Left=0
Top=0
Width=900
Height=477
State=0

[QueueWindow]
Left=0
Top=0
Width=745
Height=359
State=0

[SshHostKeys]
RSA 2048*114.55.0.231:22=g+4d6DeR8FFUlXvSeuaftP4SyTrj1FqCEfAxiCq9CtQ=
RSA 2048*10.8.80.121:22=V2Nv71sbeZSQNeMegOjmIy+L7Ef0oUrmDpXJTQsIayk=
ECDSA 192*120.77.151.217:22=AxadhbZ1PMbuQ9fPxL+5FRhcJTLTEq36lv/daXnkdtM=
RSA 2048*10.8.84.38:22=cn8AOCB0CMQi1FfrlIYoeHBNxX3HbSVxpPk6Ld3Wnm8=

[SESDlg]
Left=316
Top=108
Width=719
Height=495
State=0
OnTop=0
Wrap=0

[editor]
Left=1138
Top=625
Width=0
Height=0
State=1
Font="Î¢ÈíÑÅºÚ", 9, [], , 1
Color=-16777211
OnTop=0
Wrap=0

[AE]
Left=527
Top=254
Width=296
Height=194
State=0

[CmdWindow]
X=0.400000005960464
W=743
H=618

[TFrmCreateCert]
Left=383
Top=71
Width=585
Height=559
State=0

[confirm]
Options=111111111

[list]
Custom=

[sounds]
Active=1
w5=æ— 
w0=æ— 
w4=æ— 
w3=æ— 
w2=æ— 
w1=æ— 
w6=æ— 
w7=æ— 
w8=æ— 
w9=æ— 
w10=æ— 
w11=æ— 
w12=æ— 

[proxy]
SKA=0

[toolbar]
back=
button=Tango
Navbutton=Tango

[SITE_MRU]
1=æˆ‘çš„
2=è…¾è®¯äº‘æµ‹è¯•æœåŠ¡å™¨
3=MdRFwdExnks9V8fL
4=255æœåŠ¡å™¨
5=43549.7479376157è…¾è®¯äº‘
6=è…¾è®¯äº‘
7=43409.9310816551é˜¿é‡Œäº‘
8=é˜¿é‡Œäº‘
9=43244.4804150926qxu1194140249.my3w.com
10=company_manage
11=555
12=43212.7197853704127.0.0.1
13=é™¶ å®¶é¹è®¾è®¡
14=æ…§èª é˜¿é‡Œäº‘ è¶…å•†
15=æ…§èª å›¾ç‰‡ç®¡ç†
